Step#     X(mm)     Y(mm)     Z(mm)      N_x       N_y       N_z   Delta|N|  Delta(N_z)  KinE(MeV)   dE(MeV)   StepLen   PhsStep    Safety         NextVolume Field_evs 
    0         0         0         0         0       0.6       0.8  -1.1e-16  -1.1e-16       2.5       2.5        50        World                              1
    1         0       1.5         2         0       0.6       0.8   1.1e-16   1.1e-16     5.625     5.625      47.5        World                              1
    2         0     4.875       6.5         0  0.600973  0.799269         0  -0.00073   12.6562   12.6562    41.875        World                              4
    3         0   12.4731   16.6217         0  0.606659  0.794962         0   -0.0043   28.4766   28.4766   29.2188        World                              9
    4         0   29.6507   39.3339         0  0.638032   0.77001         0    -0.025   64.0723   64.0723        50        World                              23
    5         0   69.3718   89.6024         0  0.788407  0.615154         0     -0.15   144.163   144.163   42.9885        World                              69
    6         0   171.035   191.412         0  0.798753 -0.601659  -2.2e-16      -1.2   324.366   324.366        50        World                              164
    7         0   470.419   227.133         0  -0.63127  0.775563   2.2e-16       1.4   729.823   729.823   19.4646        World                              305
    8         0    87.183   110.358         0  0.532176  0.846634         0     0.071    1642.1    1642.1        50        World                              707
    9         0 -0.250724   505.361         0  0.982543 -0.186034         0        -1   3694.73   3694.73        50        World                              1640
   10         0   412.097   1567.27         0 -0.193404  0.981119         0       1.2   8313.14   8313.14   722.579        World                              3467
   11         0   48.2021   4313.31         0 -0.141515  0.989936         0    0.0088    691.49   18704.6   685.457        World                              3566
   12         0  -31.0501      5000         0 -0.176883 -0.984232         0        -2   22747.3   42085.3         0 Big Target 2                              8859
   13         0  -593.432   12746.8         0  0.999697 -0.0245986  -1.1e-16      0.96     19392   94691.9   4387.48 Big Target 2                              12784
==============29173=================
 Cached field: 
   Number of calls:        53157
   Number of evaluations : 12784
Set Driver verbosity to -2
Step#     X(mm)     Y(mm)     Z(mm)      N_x       N_y       N_z   Delta|N|  Delta(N_z)  KinE(MeV)   dE(MeV)   StepLen   PhsStep    Safety         NextVolume Field_evs 
    0         0         0         0         0       0.6       0.8  -1.1e-16  -1.1e-16       2.5       2.5         0        World                              1
    1         0       1.5         2         0       0.6       0.8   1.1e-16   1.1e-16     5.625     5.625         0        World                              1
    2         0     4.875       6.5         0  0.600973  0.799269         0  -0.00073   12.6562   12.6562         0        World                              4
    3         0   12.4731   16.6217         0  0.606659  0.794962         0   -0.0043   28.4766   28.4766         0        World                              9
    4         0   29.6507   39.3339         0  0.638032   0.77001         0    -0.025   64.0723   64.0723         0        World                              23
    5         0   69.3718   89.6024         0  0.788407  0.615154         0     -0.15   144.163   144.163         0        World                              69
    6         0   171.035   191.412         0  0.798753 -0.601659  -2.2e-16      -1.2   324.366   324.366         0        World                              164
    7         0   470.419   227.133         0  -0.63127  0.775563   2.2e-16       1.4   729.823   729.823         0        World                              305
    8         0    87.183   110.358         0  0.532176  0.846634         0     0.071    1642.1    1642.1         0        World                              707
    9         0 -0.250724   505.361         0  0.982543 -0.186034         0        -1   3694.73   3694.73         0        World                              1640
   10         0   412.097   1567.27         0 -0.193404  0.981119         0       1.2   8313.14   8313.14         0        World                              3467
   11         0   48.2021   4313.31         0 -0.141515  0.989936         0    0.0088    691.49   18704.6   260.799        World                              3566
   12         0  -31.0501      5000         0 -0.176883 -0.984232         0        -2   22747.3   42085.3         0 Big Target 2                              8859
   13         0  -593.432   12746.8         0  0.999697 -0.0245986  -1.1e-16      0.96     19392   94691.9   4387.48 Big Target 2                              12784
==============20738=================
 Cached field: 
   Number of calls:        53157
   Number of evaluations : 12784
Step#     X(mm)     Y(mm)     Z(mm)      N_x       N_y       N_z   Delta|N|  Delta(N_z)  KinE(MeV)   dE(MeV)   StepLen   PhsStep    Safety         NextVolume Field_evs 
    0         0         0         0         0       0.6       0.8  -1.1e-16  -1.1e-16       2.5       2.5         0        World                              1
    1         0       1.5         2         0       0.6       0.8   1.1e-16   1.1e-16     5.625     5.625         0        World                              1
    2         0     4.875       6.5         0  0.600973  0.799269         0  -0.00073   12.6562   12.6562         0        World                              4
    3         0   12.4731   16.6217         0  0.606659  0.794962         0   -0.0043   28.4766   28.4766         0        World                              9
    4         0   29.6507   39.3339         0  0.638032   0.77001         0    -0.025   64.0723   64.0723         0        World                              23
    5         0   69.3718   89.6024         0  0.788407  0.615154         0     -0.15   144.163   144.163         0        World                              69
    6         0   171.035   191.412         0  0.800366 -0.599512  -1.1e-16      -1.2   324.366   324.366         0        World                              195
    7         0   470.528   227.189         0 -0.626203   0.77966         0       1.4   729.823   729.823         0        World                              390
    8         0   88.6366   110.999         0  0.534958  0.844879   1.1e-16     0.065    1642.1    1642.1         0        World                              902
    9         0  -5.26227   508.719         0  0.877805 -0.479019         0      -1.3   3694.73   3694.73         0        World                              2131
   10         0   460.821   1480.69         0  0.961532 -0.274691         0       0.2   8313.14   8313.14         0        World                              4858
   11         0  -428.097   3177.93         0 -0.464745  0.885444         0       1.2   5638.56   18704.6   35.8366        World                              6859
   12         0  -57.7035      5000         0  0.764499 -0.644625         0      -1.5   819.788   42085.3         0 Big Target 2                              7163
   13         0  -492.476      5000         0  0.850865  0.525384         0       1.2     266.2   94691.9         0        World                              7231
==============22227=================
 Cached field: 
   Number of calls:        72467
   Number of evaluations : 7231
off
Step#     X(mm)     Y(mm)     Z(mm)      N_x       N_y       N_z   Delta|N|  Delta(N_z)  KinE(MeV)   dE(MeV)   StepLen   PhsStep    Safety         NextVolume Field_evs 
    0         0         0         0         0       0.6       0.8  -1.1e-16  -1.1e-16       2.5       2.5         0 Big Target 2                              1
    1         0       1.5         2         0       0.6       0.8   1.1e-16   1.1e-16     5.625     5.625        50        World                              1
    2         0     4.875       6.5         0  0.600973  0.799269         0  -0.00073   12.6562   12.6562        50        World                              4
    3         0   12.4731   16.6217         0  0.606659  0.794962         0   -0.0043   28.4766   28.4766        50        World                              9
    4         0   29.6507   39.3339         0  0.638032   0.77001         0    -0.025   64.0723   64.0723        50        World                              23
    5         0   69.3718   89.6024         0  0.788407  0.615154         0     -0.15   144.163   144.163        50        World                              69
    6         0   171.035   191.412         0  0.800366 -0.599512  -1.1e-16      -1.2   324.366   324.366        50        World                              195
    7         0   470.528   227.189         0 -0.626203   0.77966         0       1.4   729.823   729.823        50        World                              390
    8         0   88.6366   110.999         0  0.534958  0.844879   1.1e-16     0.065    1642.1    1642.1        50        World                              902
    9         0  -5.26227   508.719         0  0.877805 -0.479019         0      -1.3   3694.73   3694.73        50        World                              2131
   10         0   460.821   1480.69         0  0.961532 -0.274691         0       0.2   8313.14   8313.14   930.694        World                              4858
   11         0  -428.097   3177.93         0 -0.464745  0.885444         0       1.2   5638.56   18704.6   1822.07        World                              6859
   12         0  -57.7035      5000         0  0.764499 -0.644625         0      -1.5   819.788   42085.3         0 Big Target 2                              7163
   13         0  -492.476      5000         0  0.850865  0.525384         0       1.2     266.2   94691.9         0        World                              7231
==============21463=================
 Cached field: 
   Number of calls:        72467
   Number of evaluations : 7231
