Step#     X(mm)     Y(mm)     Z(mm)      N_x       N_y       N_z   Delta|N|  Delta(N_z)  KinE(MeV)   dE(MeV)   StepLen   PhsStep    Safety         NextVolume Field_evs 
    0         0         0         0         0       0.6       0.8  -1.1e-16  -1.1e-16       2.5       2.5        50        World                              1
    1         0       1.5         2         0       0.6       0.8   1.1e-16   1.1e-16     5.625     5.625      47.5        World                              1
    2         0     4.875       6.5         0  0.600814  0.799389         0  -0.00061   12.6562   12.6562    41.875        World                              2
    3         0   12.4735   16.6214         0  0.606395  0.795164  -1.1e-16   -0.0042   28.4766   28.4766   29.2188        World                              13
    4         0   29.6513   39.3334         0  0.637568  0.770394   1.1e-16    -0.025   64.0723   64.0723        50        World                              33
    5         0   69.3829   89.5938         0  0.789108  0.614255         0     -0.16   144.163   144.163        50        World                              88
    6         0   171.065    191.38         0  0.794929 -0.606702         0      -1.2   324.366   324.366        50        World                              199
    7         0   470.521   225.542         0 -0.637737  0.770254         0       1.4   729.823   729.823   19.1399        World                              366
    8         0   85.1042   107.757         0   0.55318  0.833062  -1.1e-16     0.063    1642.1    1642.1        50        World                              877
    9         0   10.8543   494.445         0  0.596502 -0.802611   1.1e-16      -1.6   3694.73   3694.73        50        World                              2007
   10         0   511.978    1345.4         0 -0.314438 -0.949278  -1.1e-16     -0.15   8313.14   8313.14   300.914        World                              4409
   11         0  -543.972   3654.29         0 -0.612429  0.790526   1.1e-16       1.7   3205.89   18704.6   1113.19        World                              5375
   12         0  -163.376      5000         0 -0.153629 -0.988129         0      -1.8   496.708   42085.3         0 Big Target 2                              5538
   13         0  -553.188      5000         0  0.523134   0.85225         0       1.8   589.064   94691.9         0        World                              5679
==============21736=================
 Cached field: 
   Number of calls:        71246
   Number of evaluations : 5679
Set Driver verbosity to -2
Step#     X(mm)     Y(mm)     Z(mm)      N_x       N_y       N_z   Delta|N|  Delta(N_z)  KinE(MeV)   dE(MeV)   StepLen   PhsStep    Safety         NextVolume Field_evs 
    0         0         0         0         0       0.6       0.8  -1.1e-16  -1.1e-16       2.5       2.5         0 Big Target 2                              1
    1         0       1.5         2         0       0.6       0.8   1.1e-16   1.1e-16     5.625     5.625         0        World                              1
    2         0     4.875       6.5         0  0.600814  0.799389         0  -0.00061   12.6562   12.6562         0        World                              2
    3         0   12.4735   16.6214         0  0.606395  0.795164  -1.1e-16   -0.0042   28.4766   28.4766         0        World                              13
    4         0   29.6513   39.3334         0  0.637568  0.770394   1.1e-16    -0.025   64.0723   64.0723         0        World                              33
    5         0   69.3829   89.5938         0  0.789108  0.614255         0     -0.16   144.163   144.163         0        World                              88
    6         0   171.065    191.38         0  0.794929 -0.606702         0      -1.2   324.366   324.366         0        World                              199
    7         0   470.521   225.542         0 -0.637737  0.770254         0       1.4   729.823   729.823         0        World                              366
    8         0   85.1042   107.757         0   0.55318  0.833062  -1.1e-16     0.063    1642.1    1642.1         0        World                              877
    9         0   10.8543   494.445         0  0.596502 -0.802611   1.1e-16      -1.6   3694.73   3694.73         0        World                              2007
   10         0   511.978    1345.4         0 -0.314438 -0.949278  -1.1e-16     -0.15   8313.14   8313.14         0        World                              4409
   11         0  -543.972   3654.29         0 -0.612429  0.790526   1.1e-16       1.7   3205.89   18704.6   43.7977        World                              5375
   12         0  -163.376      5000         0 -0.153629 -0.988129         0      -1.8   496.708   42085.3         0 Big Target 2                              5538
   13         0  -553.188      5000         0  0.523134   0.85225         0       1.8   589.064   94691.9         0        World                              5679
==============18789=================
 Cached field: 
   Number of calls:        71246
   Number of evaluations : 5679
Step#     X(mm)     Y(mm)     Z(mm)      N_x       N_y       N_z   Delta|N|  Delta(N_z)  KinE(MeV)   dE(MeV)   StepLen   PhsStep    Safety         NextVolume Field_evs 
    0         0         0         0         0       0.6       0.8  -1.1e-16  -1.1e-16       2.5       2.5         0 Big Target 2                              1
    1         0       1.5         2         0       0.6       0.8   1.1e-16   1.1e-16     5.625     5.625         0        World                              1
    2         0     4.875       6.5         0  0.600814  0.799389         0  -0.00061   12.6562   12.6562         0        World                              2
    3         0   12.4735   16.6214         0  0.606395  0.795164  -1.1e-16   -0.0042   28.4766   28.4766         0        World                              13
    4         0   29.6513   39.3334         0  0.637568  0.770394   1.1e-16    -0.025   64.0723   64.0723         0        World                              33
    5         0   69.3829   89.5938         0  0.789108  0.614255         0     -0.16   144.163   144.163         0        World                              88
    6         0   171.065    191.38         0  0.794495 -0.607271         0      -1.2   324.366   324.366         0        World                              204
    7         0   470.404   225.692         0 -0.638464  0.769651  -1.1e-16       1.4   729.823   729.823         0        World                              400
    8         0   84.6033   107.169         0  0.567283  0.823523   1.1e-16     0.054    1642.1    1642.1         0        World                              935
    9         0   16.9533   489.152         0  0.062838 -0.998024         0      -1.8   3694.73   3694.73         0        World                              2204
   10         0   536.739   1158.02         0  0.534383  0.845242  -2.2e-16       1.8   8313.14   8313.14         0        World                              4976
   11         0   3.68485   2767.93         0  0.594129   0.80437   2.2e-16    -0.041   12011.9   18704.6   575.394        World                              9232
   12         0   53.7606      5000         0  -0.32646 -0.945211  -1.1e-16      -1.7   692.585   42085.3         0 Big Target 2                              9493
   13         0   525.461      5000         0 -0.708373  0.705838         0       1.7   467.089   94691.9         0        World                              9614
==============76083=================
 Cached field: 
   Number of calls:        341428
   Number of evaluations : 9614
off
Step#     X(mm)     Y(mm)     Z(mm)      N_x       N_y       N_z   Delta|N|  Delta(N_z)  KinE(MeV)   dE(MeV)   StepLen   PhsStep    Safety         NextVolume Field_evs 
    0         0         0         0         0       0.6       0.8  -1.1e-16  -1.1e-16       2.5       2.5         0 Big Target 2                              1
    1         0       1.5         2         0       0.6       0.8   1.1e-16   1.1e-16     5.625     5.625        50        World                              1
    2         0     4.875       6.5         0  0.600814  0.799389         0  -0.00061   12.6562   12.6562        50        World                              2
    3         0   12.4735   16.6214         0  0.606395  0.795164  -1.1e-16   -0.0042   28.4766   28.4766        50        World                              13
    4         0   29.6513   39.3334         0  0.637568  0.770394   1.1e-16    -0.025   64.0723   64.0723        50        World                              33
    5         0   69.3829   89.5938         0  0.789108  0.614255         0     -0.16   144.163   144.163        50        World                              88
    6         0   171.065    191.38         0  0.794495 -0.607271         0      -1.2   324.366   324.366        50        World                              204
    7         0   470.404   225.692         0 -0.638464  0.769651  -1.1e-16       1.4   729.823   729.823        50        World                              400
    8         0   84.6033   107.169         0  0.567283  0.823523   1.1e-16     0.054    1642.1    1642.1        50        World                              935
    9         0   16.9533   489.152         0  0.062838 -0.998024         0      -1.8   3694.73   3694.73        50        World                              2204
   10         0   536.739   1158.02         0  0.534383  0.845242  -2.2e-16       1.8   8313.14   8313.14   608.024        World                              4976
   11         0   3.68485   2767.93         0  0.594129   0.80437   2.2e-16    -0.041   12011.9   18704.6   2217.93        World                              9232
   12         0   53.7606      5000         0  -0.32646 -0.945211  -1.1e-16      -1.7   692.585   42085.3         0 Big Target 2                              9493
   13         0   525.461      5000         0 -0.708373  0.705838         0       1.7   467.089   94691.9         0        World                              9614
==============76789=================
 Cached field: 
   Number of calls:        341428
   Number of evaluations : 9614
