Step#     X(mm)     Y(mm)     Z(mm)      N_x       N_y       N_z   Delta|N|  Delta(N_z)  KinE(MeV)   dE(MeV)   StepLen   PhsStep    Safety         NextVolume Field_evs 
    0         0         0         0         0       0.6       0.8  -1.1e-16  -1.1e-16       2.5       2.5        50        World                              1
    1         0      0.75         1         0       0.6       0.8   1.1e-16   2.2e-16     5.625     5.625     48.75        World                              1
    2         0    2.4375      3.25         0  0.600089  0.799933  -2.2e-16  -6.7e-05   12.6562   12.6562   45.9375        World                              2
    3         0   6.23437    8.3125         0  0.601457  0.798905   2.2e-16    -0.001   28.4766   28.4766   39.6094        World                              3
    4         0   14.7864   19.6964         0  0.609464  0.792814  -1.1e-16   -0.0061   64.0723   64.0723        50        World                              5
    5         0   34.1651   45.2065         0  0.649003  0.760785   1.1e-16    -0.032   144.163   144.163        50        World                              12
    6         0   79.3192   101.382         0  0.833913  0.551895  -1.1e-16     -0.21   324.366   324.366        50        World                              30
    7         0   198.117    211.01         0  0.435524 -0.900177         0      -1.5   729.823   729.823        50        World                              90
    8         0    516.83   169.441         0 -0.574909  0.818217         0       1.7    1642.1    1642.1        50        World                              148
    9         0  -12.8349   242.264         0  0.915181  0.403042   1.1e-16     -0.42   3694.73   3694.73        50        World                              345
   10         0    262.24   762.244         0 -0.479726  0.877418         0      0.47   8313.14   8313.14   73.9823        World                              761
   11         0   53.0304   1435.44         0  0.205287  0.978702         0       0.1   18704.6   18704.6   695.966        World                              1647
   12         0   33.6425   4970.69         0  0.218763  0.975778         0   -0.0029   59.9713   42085.3   29.3053        World                              1656
   13         0   39.9926      5000         0  0.629138  0.777294  -2.2e-16      -0.2   47603.7   94691.9         0 Big Target 2                              4165
==============17455=================
 Cached field: 
   Number of calls:        16385
   Number of evaluations : 4165
Set Driver verbosity to -2
Step#     X(mm)     Y(mm)     Z(mm)      N_x       N_y       N_z   Delta|N|  Delta(N_z)  KinE(MeV)   dE(MeV)   StepLen   PhsStep    Safety         NextVolume Field_evs 
    0         0         0         0         0       0.6       0.8  -1.1e-16  -1.1e-16       2.5       2.5         0        World                              1
    1         0      0.75         1         0       0.6       0.8   1.1e-16   2.2e-16     5.625     5.625         0        World                              1
    2         0    2.4375      3.25         0  0.600089  0.799933  -2.2e-16  -6.7e-05   12.6562   12.6562         0        World                              2
    3         0   6.23437    8.3125         0  0.601457  0.798905   2.2e-16    -0.001   28.4766   28.4766         0        World                              3
    4         0   14.7864   19.6964         0  0.609464  0.792814  -1.1e-16   -0.0061   64.0723   64.0723         0        World                              5
    5         0   34.1651   45.2065         0  0.649003  0.760785   1.1e-16    -0.032   144.163   144.163         0        World                              12
    6         0   79.3192   101.382         0  0.833913  0.551895  -1.1e-16     -0.21   324.366   324.366         0        World                              30
    7         0   198.117    211.01         0  0.435524 -0.900177         0      -1.5   729.823   729.823         0        World                              90
    8         0    516.83   169.441         0 -0.574909  0.818217         0       1.7    1642.1    1642.1         0        World                              148
    9         0  -12.8349   242.264         0  0.915181  0.403042   1.1e-16     -0.42   3694.73   3694.73         0        World                              345
   10         0    262.24   762.244         0 -0.479726  0.877418         0      0.47   8313.14   8313.14         0        World                              761
   11         0   53.0304   1435.44         0  0.205287  0.978702         0       0.1   18704.6   18704.6         0        World                              1647
   12         0   33.6425   4970.69         0  0.218763  0.975778         0   -0.0029   59.9713   42085.3   29.3053        World                              1656
   13         0   39.9926      5000         0  0.629138  0.777294  -2.2e-16      -0.2   47603.7   94691.9         0 Big Target 2                              4165
==============12438=================
 Cached field: 
   Number of calls:        16385
   Number of evaluations : 4165
Step#     X(mm)     Y(mm)     Z(mm)      N_x       N_y       N_z   Delta|N|  Delta(N_z)  KinE(MeV)   dE(MeV)   StepLen   PhsStep    Safety         NextVolume Field_evs 
    0         0         0         0         0       0.6       0.8  -1.1e-16  -1.1e-16       2.5       2.5         0        World                              1
    1         0      0.75         1         0       0.6       0.8   1.1e-16   2.2e-16     5.625     5.625         0        World                              1
    2         0    2.4375      3.25         0  0.600089  0.799933  -2.2e-16  -6.7e-05   12.6562   12.6562         0        World                              2
    3         0   6.23437    8.3125         0  0.601457  0.798905   2.2e-16    -0.001   28.4766   28.4766         0        World                              3
    4         0   14.7864   19.6964         0  0.609464  0.792814  -1.1e-16   -0.0061   64.0723   64.0723         0        World                              5
    5         0   34.1651   45.2065         0  0.649003  0.760785   1.1e-16    -0.032   144.163   144.163         0        World                              12
    6         0   79.3192   101.382         0  0.833913  0.551895  -1.1e-16     -0.21   324.366   324.366         0        World                              30
    7         0   198.117    211.01         0  0.435524 -0.900177         0      -1.5   729.823   729.823         0        World                              90
    8         0    516.83   169.441         0 -0.581911  0.813253   1.1e-16       1.7    1642.1    1642.1         0        World                              214
    9         0  -14.3727   240.314         0  0.923513  0.383566         0     -0.43   3694.73   3694.73         0        World                              769
   10         0   267.621    754.41         0 -0.476943  0.878934  -1.1e-16       0.5   8313.14   8313.14         0        World                              1989
   11         0   42.2535   1422.28         0 -0.800992 -0.598675   1.1e-16      -1.5   18704.6   18704.6         0        World                              4801
   12         0   489.209   4018.19         0  0.296615  0.954997   2.2e-16       1.6   4916.96   42085.3   440.663        World                              5526
   13         0   -33.969      5000         0 -0.964332 -0.264696  -2.2e-16      -1.2   47209.7   94691.9         0 Big Target 2                              12449
==============91138=================
 Cached field: 
   Number of calls:        183645
   Number of evaluations : 12449
off
Step#     X(mm)     Y(mm)     Z(mm)      N_x       N_y       N_z   Delta|N|  Delta(N_z)  KinE(MeV)   dE(MeV)   StepLen   PhsStep    Safety         NextVolume Field_evs 
    0         0         0         0         0       0.6       0.8  -1.1e-16  -1.1e-16       2.5       2.5        50        World                              1
    1         0      0.75         1         0       0.6       0.8   1.1e-16   2.2e-16     5.625     5.625        50        World                              1
    2         0    2.4375      3.25         0  0.600089  0.799933  -2.2e-16  -6.7e-05   12.6562   12.6562        50        World                              2
    3         0   6.23437    8.3125         0  0.601457  0.798905   2.2e-16    -0.001   28.4766   28.4766        50        World                              3
    4         0   14.7864   19.6964         0  0.609464  0.792814  -1.1e-16   -0.0061   64.0723   64.0723        50        World                              5
    5         0   34.1651   45.2065         0  0.649003  0.760785   1.1e-16    -0.032   144.163   144.163        50        World                              12
    6         0   79.3192   101.382         0  0.833913  0.551895  -1.1e-16     -0.21   324.366   324.366        50        World                              30
    7         0   198.117    211.01         0  0.435524 -0.900177         0      -1.5   729.823   729.823        50        World                              90
    8         0    516.83   169.441         0 -0.581911  0.813253   1.1e-16       1.7    1642.1    1642.1        50        World                              214
    9         0  -14.3727   240.314         0  0.923513  0.383566         0     -0.43   3694.73   3694.73        50        World                              769
   10         0   267.621    754.41         0 -0.476943  0.878934  -1.1e-16       0.5   8313.14   8313.14    204.41        World                              1989
   11         0   42.2535   1422.28         0 -0.800992 -0.598675   1.1e-16      -1.5   18704.6   18704.6   872.276        World                              4801
   12         0   489.209   4018.19         0  0.296615  0.954997   2.2e-16       1.6   4916.96   42085.3   981.815        World                              5526
   13         0   -33.969      5000         0 -0.964332 -0.264696  -2.2e-16      -1.2   47209.7   94691.9         0 Big Target 2                              12449
==============90970=================
 Cached field: 
   Number of calls:        183645
   Number of evaluations : 12449
