Step#     X(mm)     Y(mm)     Z(mm)      N_x       N_y       N_z   Delta|N|  Delta(N_z)  KinE(MeV)   dE(MeV)   StepLen   PhsStep    Safety         NextVolume Field_evs 
    0         0         0         0         0       0.6       0.8  -1.1e-16  -1.1e-16       2.5       2.5        50        World                              1
    1         0      0.75         1         0       0.6       0.8   1.1e-16   2.2e-16     5.625     5.625     48.75        World                              1
    2         0    2.4375      3.25         0  0.600034  0.799975         0  -2.5e-05   12.6562   12.6562   45.9375        World                              2
    3         0    6.2344   8.31248         0   0.60135  0.798986         0  -0.00099   28.4766   28.4766   39.6094        World                              3
    4         0   14.7854   19.6971         0  0.608795  0.793327         0   -0.0057   64.0723   64.0723        50        World                              7
    5         0   34.1514    45.217         0  0.648003  0.761638         0    -0.032   144.163   144.163        50        World                              21
    6         0   79.2538   101.434         0  0.833413  0.552651  -1.1e-16     -0.21   324.366   324.366        50        World                              65
    7         0   198.025   211.089         0  0.442227 -0.896903         0      -1.4   729.823   729.823        50        World                              161
    8         0   517.263    170.98         0 -0.565588  0.824688   1.1e-16       1.7    1642.1    1642.1        50        World                              305
    9         0  -9.45979   243.965         0  0.865644  0.500659         0     -0.32   3694.73   3694.73        50        World                              746
   10         0   235.662   785.165         0 -0.571617  0.820521  -1.1e-16      0.32   8313.14   8313.14   86.4478        World                              1663
   11         0   128.324   1487.16         0 -0.386426   0.92232   1.1e-16       0.1   13980.2   18704.6    445.87        World                              3040
   12         0  -112.324      5000         0  0.683613 -0.729845         0      -1.7   1504.78   42085.3         0 Big Target 2                              3251
   13         0  -522.628      5000         0  0.801322  0.598234         0       1.3   579.604   94691.9         0        World                              3300
==============10218=================
 Cached field: 
   Number of calls:        9075
   Number of evaluations : 3300
Set Driver verbosity to -2
Step#     X(mm)     Y(mm)     Z(mm)      N_x       N_y       N_z   Delta|N|  Delta(N_z)  KinE(MeV)   dE(MeV)   StepLen   PhsStep    Safety         NextVolume Field_evs 
    0         0         0         0         0       0.6       0.8  -1.1e-16  -1.1e-16       2.5       2.5         0 Big Target 2                              1
    1         0      0.75         1         0       0.6       0.8   1.1e-16   2.2e-16     5.625     5.625         0        World                              1
    2         0    2.4375      3.25         0  0.600034  0.799975         0  -2.5e-05   12.6562   12.6562         0        World                              2
    3         0    6.2344   8.31248         0   0.60135  0.798986         0  -0.00099   28.4766   28.4766         0        World                              3
    4         0   14.7854   19.6971         0  0.608795  0.793327         0   -0.0057   64.0723   64.0723         0        World                              7
    5         0   34.1514    45.217         0  0.648003  0.761638         0    -0.032   144.163   144.163         0        World                              21
    6         0   79.2538   101.434         0  0.833413  0.552651  -1.1e-16     -0.21   324.366   324.366         0        World                              65
    7         0   198.025   211.089         0  0.442227 -0.896903         0      -1.4   729.823   729.823         0        World                              161
    8         0   517.263    170.98         0 -0.565588  0.824688   1.1e-16       1.7    1642.1    1642.1         0        World                              305
    9         0  -9.45979   243.965         0  0.865644  0.500659         0     -0.32   3694.73   3694.73         0        World                              746
   10         0   235.662   785.165         0 -0.571617  0.820521  -1.1e-16      0.32   8313.14   8313.14         0        World                              1663
   11         0   128.324   1487.16         0 -0.386426   0.92232   1.1e-16       0.1   13980.2   18704.6         0        World                              3040
   12         0  -112.324      5000         0  0.683613 -0.729845         0      -1.7   1504.78   42085.3         0 Big Target 2                              3251
   13         0  -522.628      5000         0  0.801322  0.598234         0       1.3   579.604   94691.9         0        World                              3300
==============8465=================
 Cached field: 
   Number of calls:        9075
   Number of evaluations : 3300
Step#     X(mm)     Y(mm)     Z(mm)      N_x       N_y       N_z   Delta|N|  Delta(N_z)  KinE(MeV)   dE(MeV)   StepLen   PhsStep    Safety         NextVolume Field_evs 
    0         0         0         0         0       0.6       0.8  -1.1e-16  -1.1e-16       2.5       2.5         0 Big Target 2                              1
    1         0      0.75         1         0       0.6       0.8   1.1e-16   2.2e-16     5.625     5.625         0        World                              1
    2         0    2.4375      3.25         0  0.600034  0.799975         0  -2.5e-05   12.6562   12.6562         0        World                              2
    3         0    6.2344   8.31248         0   0.60135  0.798986         0  -0.00099   28.4766   28.4766         0        World                              3
    4         0   14.7854   19.6971         0  0.608795  0.793327         0   -0.0057   64.0723   64.0723         0        World                              7
    5         0   34.1514    45.217         0  0.648003  0.761638         0    -0.032   144.163   144.163         0        World                              21
    6         0   79.2538   101.434         0  0.832735  0.553672         0     -0.21   324.366   324.366         0        World                              79
    7         0   198.004   211.118         0  0.445848 -0.895109  -1.1e-16      -1.4   729.823   729.823         0        World                              222
    8         0   517.531   171.653         0 -0.555772  0.831335   1.1e-16       1.7    1642.1    1642.1         0        World                              456
    9         0  -6.74809   245.674         0  0.878881  0.477041  -1.1e-16     -0.35   3694.73   3694.73         0        World                              1079
   10         0   239.134    779.69         0 -0.506624  0.862167         0      0.39   8313.14   8313.14         0        World                              2469
   11         0   36.5303   1409.42         0 -0.581704  0.813401         0    -0.049   18704.6   18704.6         0        World                              5688
   12         0   112.685   3608.98         0 -0.713548  0.700607   1.1e-16     -0.11   7686.75   42085.3   37.5504        World                              7100
   13         0  -181.239      5000         0 -0.432218 -0.901769  -1.1e-16      -1.6   824.246   94691.9         0 Big Target 2                              7236
==============44803=================
 Cached field: 
   Number of calls:        89873
   Number of evaluations : 7236
off
Step#     X(mm)     Y(mm)     Z(mm)      N_x       N_y       N_z   Delta|N|  Delta(N_z)  KinE(MeV)   dE(MeV)   StepLen   PhsStep    Safety         NextVolume Field_evs 
    0         0         0         0         0       0.6       0.8  -1.1e-16  -1.1e-16       2.5       2.5        50        World                              1
    1         0      0.75         1         0       0.6       0.8   1.1e-16   2.2e-16     5.625     5.625        50        World                              1
    2         0    2.4375      3.25         0  0.600034  0.799975         0  -2.5e-05   12.6562   12.6562        50        World                              2
    3         0    6.2344   8.31248         0   0.60135  0.798986         0  -0.00099   28.4766   28.4766        50        World                              3
    4         0   14.7854   19.6971         0  0.608795  0.793327         0   -0.0057   64.0723   64.0723        50        World                              7
    5         0   34.1514    45.217         0  0.648003  0.761638         0    -0.032   144.163   144.163        50        World                              21
    6         0   79.2538   101.434         0  0.832735  0.553672         0     -0.21   324.366   324.366        50        World                              79
    7         0   198.004   211.118         0  0.445848 -0.895109  -1.1e-16      -1.4   729.823   729.823        50        World                              222
    8         0   517.531   171.653         0 -0.555772  0.831335   1.1e-16       1.7    1642.1    1642.1        50        World                              456
    9         0  -6.74809   245.674         0  0.878881  0.477041  -1.1e-16     -0.35   3694.73   3694.73        50        World                              1079
   10         0   239.134    779.69         0 -0.506624  0.862167         0      0.39   8313.14   8313.14    229.69        World                              2469
   11         0   36.5303   1409.42         0 -0.581704  0.813401         0    -0.049   18704.6   18704.6   859.422        World                              5688
   12         0   112.685   3608.98         0 -0.713548  0.700607   1.1e-16     -0.11   7686.75   42085.3   1391.02        World                              7100
   13         0  -181.239      5000         0 -0.432218 -0.901769  -1.1e-16      -1.6   824.246   94691.9         0 Big Target 2                              7236
==============43814=================
 Cached field: 
   Number of calls:        89873
   Number of evaluations : 7236
